1	2568.0	352.0
1	2663.0	919.0
1	644.0	684.0
1	739.0	215.0
1	3591.0	731.0
1	290.0	784.0
1	4972.0	343.0
1	3353.0	127.0
1	1408.0	188.0
1	2539.0	530.0
1	4088.0	604.0
1	3519.0	816.0
1	3898.0	571.0
1	2955.0	472.0
10	827.0	611.0
10	3945.0	67.0
100	4516.0	886.0
101	3468.0	379.0
104	3739.0	300.0
104	3803.0	901.0
105	2170.0	668.0
106	2127.0	581.0
106	2650.0	948.0
11	1744.0	75.0
11	3529.0	233.0
112	4743.0	541.0
114	1413.0	876.0
119	2390.0	139.0
12	3653.0	272.0
13	1439.0	825.0
139	875.0	245.0
14	2214.0	889.0
14	3672.0	623.0
15	827.0	407.0
15	3001.0	560.0
16	4620.0	989.0
16	4145.0	558.0
17	1692.0	496.0
17	2958.0	478.0
17	3247.0	542.0
17	243.0	209.0
17	2176.0	580.0
18	625.0	660.0
18	1902.0	875.0
18	1346.0	666.0
18	989.0	103.0
18	2573.0	598.0
18	3723.0	804.0
19	1290.0	516.0
19	1498.0	868.0
19	4100.0	860.0
19	403.0	424.0
19	3564.0	369.0
2	4631.0	561.0
2	2154.0	104.0
20	1019.0	170.0
20	3237.0	294.0
20	3191.0	291.0
20	4853.0	396.0
21	1881.0	642.0
21	1886.0	244.0
21	1365.0	117.0
21	1191.0	570.0
22	516.0	450.0
22	3062.0	134.0
22	2740.0	541.0
22	3892.0	728.0
23	3050.0	506.0
23	3072.0	444.0
23	1986.0	874.0
23	1641.0	803.0
23	1214.0	882.0
23	911.0	858.0
24	2991.0	229.0
24	4216.0	580.0
24	1430.0	202.0
24	2029.0	166.0
24	3209.0	492.0
24	4586.0	789.0
24	4658.0	606.0
25	1262.0	643.0
25	1037.0	782.0
26	3178.0	463.0
26	591.0	424.0
26	2013.0	586.0
26	1107.0	415.0
26	1670.0	752.0
26	4907.0	129.0
27	2225.0	99.0
27	3584.0	616.0
27	4078.0	637.0
27	3376.0	430.0
27	3049.0	800.0
27	3834.0	994.0
28	2396.0	394.0
28	3052.0	915.0
28	3192.0	678.0
28	4286.0	907.0
28	3772.0	614.0
29	4184.0	119.0
29	1295.0	172.0
29	2034.0	430.0
29	4369.0	689.0
29	857.0	429.0
30	1488.0	213.0
30	2628.0	95.0
30	3177.0	834.0
30	4555.0	469.0
30	4275.0	82.0
30	363.0	463.0
31	3350.0	796.0
31	1705.0	959.0
31	3052.0	899.0
31	804.0	545.0
31	629.0	698.0
31	123.0	487.0
32	3446.0	220.0
32	2005.0	637.0
32	2419.0	721.0
32	3238.0	213.0
32	2469.0	175.0
32	1585.0	330.0
32	2041.0	844.0
32	1619.0	65.0
33	1033.0	143.0
33	4988.0	938.0
33	3981.0	69.0
33	3554.0	271.0
33	4800.0	725.0
33	2532.0	243.0
33	4690.0	437.0
33	918.0	121.0
33	2878.0	524.0
34	3447.0	417.0
34	4085.0	460.0
34	2694.0	755.0
34	370.0	163.0
34	384.0	256.0
35	1815.0	325.0
35	2315.0	773.0
35	4668.0	982.0
35	551.0	877.0
35	4892.0	955.0
36	1707.0	140.0
36	1194.0	549.0
36	2124.0	933.0
36	1279.0	448.0
36	1040.0	485.0
36	2004.0	762.0
36	4651.0	929.0
37	3493.0	401.0
37	2548.0	672.0
37	970.0	862.0
37	1046.0	107.0
37	4713.0	978.0
37	251.0	638.0
37	273.0	630.0
37	4127.0	977.0
37	1118.0	884.0
38	1306.0	526.0
38	2828.0	622.0
38	2127.0	179.0
38	4358.0	974.0
38	3379.0	969.0
38	2017.0	209.0
39	2819.0	703.0
39	1698.0	920.0
39	1050.0	806.0
39	696.0	776.0
39	3607.0	271.0
39	2403.0	204.0
39	4293.0	857.0
4	4339.0	636.0
4	2111.0	122.0
4	2924.0	383.0
40	2039.0	985.0
40	4429.0	411.0
40	4071.0	620.0
40	1768.0	545.0
40	4636.0	704.0
40	652.0	82.0
40	4552.0	230.0
40	3880.0	392.0
40	2618.0	457.0
41	3248.0	145.0
41	1435.0	350.0
41	948.0	69.0
41	282.0	401.0
41	1165.0	163.0
42	275.0	931.0
42	3873.0	654.0
42	1757.0	572.0
42	2164.0	245.0
42	3786.0	249.0
42	4891.0	62.0
42	2279.0	106.0
42	1600.0	835.0
43	2868.0	520.0
43	485.0	445.0
43	3668.0	302.0
43	1325.0	458.0
43	2958.0	962.0
43	1175.0	631.0
43	4522.0	425.0
43	354.0	837.0
43	707.0	333.0
43	2162.0	155.0
43	2809.0	216.0
43	408.0	93.0
43	3370.0	116.0
43	136.0	706.0
43	1819.0	267.0
44	3300.0	179.0
44	3648.0	108.0
44	138.0	883.0
44	882.0	302.0
44	2831.0	277.0
44	222.0	965.0
44	3963.0	978.0
45	4078.0	150.0
45	893.0	186.0
45	4414.0	840.0
45	495.0	941.0
45	2280.0	380.0
45	2105.0	174.0
45	4544.0	917.0
45	3010.0	698.0
45	2828.0	77.0
46	3234.0	546.0
46	4614.0	208.0
46	3054.0	677.0
47	4314.0	226.0
47	2142.0	489.0
47	2236.0	788.0
47	4446.0	361.0
47	3308.0	894.0
47	995.0	619.0
47	1309.0	735.0
47	2736.0	516.0
47	4295.0	62.0
48	2320.0	934.0
48	2094.0	386.0
48	3736.0	682.0
48	3208.0	611.0
48	3657.0	579.0
48	3473.0	737.0
48	3279.0	476.0
48	4864.0	924.0
48	2642.0	408.0
48	3817.0	855.0
48	675.0	774.0
48	4501.0	720.0
48	1670.0	721.0
48	1634.0	917.0
49	4432.0	387.0
49	3519.0	371.0
49	4463.0	485.0
49	3481.0	571.0
49	1520.0	925.0
49	3175.0	719.0
49	1411.0	682.0
49	1899.0	734.0
5	3455.0	776.0
5	1287.0	380.0
50	3123.0	408.0
50	3408.0	127.0
50	3525.0	397.0
50	1095.0	818.0
50	1660.0	635.0
50	4431.0	480.0
50	3849.0	290.0
50	1531.0	776.0
50	3886.0	201.0
50	2686.0	404.0
50	922.0	258.0
51	2411.0	416.0
51	1611.0	341.0
51	2219.0	969.0
51	3476.0	846.0
51	3926.0	89.0
51	4611.0	480.0
51	591.0	61.0
52	1883.0	621.0
52	2492.0	252.0
52	2162.0	304.0
52	1220.0	170.0
52	3610.0	333.0
52	4191.0	286.0
52	266.0	715.0
52	4773.0	865.0
52	4433.0	193.0
53	384.0	210.0
53	251.0	61.0
53	129.0	807.0
53	3789.0	537.0
53	1536.0	472.0
53	1923.0	671.0
53	2295.0	202.0
53	673.0	882.0
54	4671.0	484.0
54	4504.0	317.0
54	2017.0	496.0
54	1099.0	667.0
54	1468.0	302.0
54	3564.0	742.0
54	4227.0	518.0
54	2114.0	263.0
55	2658.0	201.0
55	911.0	999.0
55	737.0	249.0
55	1161.0	337.0
55	3522.0	288.0
56	1871.0	305.0
56	1865.0	866.0
56	4593.0	433.0
56	4978.0	49.0
56	2334.0	168.0
56	3178.0	519.0
56	2305.0	591.0
56	1351.0	493.0
56	4926.0	647.0
57	187.0	259.0
57	2750.0	326.0
57	2267.0	737.0
57	1419.0	158.0
57	2852.0	457.0
57	3609.0	793.0
58	3669.0	714.0
58	2777.0	732.0
58	616.0	109.0
58	1122.0	696.0
58	2349.0	932.0
58	823.0	792.0
58	3739.0	118.0
58	4141.0	233.0
59	2107.0	971.0
59	3602.0	237.0
59	1013.0	283.0
59	1716.0	603.0
59	2810.0	823.0
59	3279.0	115.0
59	2500.0	696.0
59	4357.0	1000.0
6	3112.0	162.0
6	3840.0	507.0
60	1480.0	772.0
60	248.0	443.0
60	3063.0	946.0
60	4736.0	197.0
60	4747.0	973.0
60	4805.0	890.0
60	3209.0	720.0
60	2743.0	722.0
60	2804.0	46.0
60	749.0	567.0
60	2666.0	875.0
61	3410.0	65.0
61	4513.0	713.0
61	4783.0	649.0
61	2192.0	786.0
61	1611.0	910.0
61	3428.0	864.0
62	1202.0	279.0
62	1031.0	919.0
62	2675.0	999.0
62	1211.0	477.0
62	4910.0	872.0
62	3288.0	721.0
62	3139.0	469.0
62	2860.0	614.0
62	3117.0	646.0
62	2359.0	706.0
62	1278.0	333.0
63	2152.0	751.0
63	737.0	429.0
63	1031.0	446.0
63	1009.0	289.0
63	4787.0	73.0
64	309.0	906.0
64	2040.0	604.0
64	312.0	888.0
64	323.0	768.0
64	2521.0	514.0
65	410.0	510.0
65	1355.0	350.0
65	443.0	296.0
65	779.0	117.0
65	2586.0	949.0
65	2646.0	47.0
65	1092.0	512.0
65	2917.0	358.0
65	2400.0	375.0
66	1867.0	260.0
66	4237.0	162.0
66	4482.0	988.0
67	4002.0	270.0
67	2071.0	588.0
67	2900.0	502.0
67	2559.0	662.0
67	4529.0	121.0
67	3859.0	682.0
67	3751.0	441.0
68	4712.0	159.0
68	3803.0	253.0
68	2776.0	238.0
68	3515.0	774.0
68	4856.0	223.0
69	1596.0	116.0
69	3018.0	378.0
69	466.0	785.0
69	302.0	470.0
69	4548.0	679.0
69	327.0	305.0
69	1859.0	939.0
69	3570.0	241.0
69	1581.0	284.0
69	3423.0	504.0
70	4625.0	628.0
70	3788.0	600.0
70	1961.0	944.0
70	2628.0	561.0
71	4196.0	441.0
71	2644.0	539.0
71	220.0	764.0
71	1248.0	223.0
71	4037.0	730.0
72	928.0	536.0
72	3906.0	395.0
72	2079.0	356.0
72	4337.0	619.0
73	1896.0	186.0
73	1857.0	466.0
73	1729.0	50.0
73	2723.0	784.0
73	2627.0	302.0
73	3202.0	349.0
73	4963.0	885.0
73	3454.0	113.0
73	3000.0	687.0
74	3253.0	529.0
74	3275.0	670.0
74	2136.0	972.0
74	665.0	592.0
75	4029.0	685.0
75	3678.0	78.0
75	611.0	686.0
76	1841.0	699.0
76	4673.0	486.0
76	816.0	932.0
76	1187.0	312.0
76	4467.0	840.0
76	3461.0	151.0
76	1901.0	133.0
77	4221.0	951.0
77	4928.0	413.0
78	1343.0	766.0
78	3498.0	900.0
79	1212.0	952.0
79	750.0	598.0
79	4150.0	905.0
79	3913.0	706.0
8	1294.0	592.0
8	3387.0	871.0
8	2905.0	792.0
80	3138.0	978.0
80	226.0	311.0
81	2606.0	64.0
81	1806.0	288.0
81	721.0	489.0
81	599.0	188.0
81	2828.0	179.0
81	2161.0	88.0
82	4521.0	702.0
82	3285.0	450.0
82	2402.0	371.0
83	3256.0	842.0
83	2030.0	791.0
83	3108.0	356.0
84	3242.0	398.0
84	527.0	419.0
84	2212.0	497.0
85	3653.0	639.0
85	2801.0	479.0
85	2042.0	226.0
86	3498.0	925.0
86	1432.0	284.0
86	3153.0	542.0
86	4800.0	289.0
87	2013.0	519.0
87	3005.0	344.0
88	1713.0	822.0
88	1764.0	217.0
88	1790.0	586.0
88	2656.0	921.0
88	1460.0	856.0
89	707.0	176.0
89	3674.0	465.0
89	2801.0	683.0
9	531.0	314.0
9	1474.0	628.0
90	293.0	183.0
91	1413.0	414.0
92	987.0	383.0
92	797.0	239.0
92	4878.0	185.0
93	3814.0	276.0
93	1078.0	985.0
94	4477.0	548.0
94	2026.0	478.0
95	1490.0	525.0
95	2865.0	743.0
96	479.0	900.0
96	304.0	816.0
97	169.0	808.0
98	1175.0	728.0
98	4532.0	644.0
98	955.0	859.0
99	1034.0	936.0
