1	3898	2568	644	3519	739	4972	2539	2663	4088	1408	3591	3353	2955	290
10	3945	827
100	4516
101	3468
104	3803	3739
105	2170
106	2650	2127
11	3529	1744
112	4743
114	1413
119	2390
12	3653
13	1439
139	875
14	2214	3672
15	3001	827
16	4145	4620
17	2176	3247	243	1692	2958
18	1346	3723	1902	989	625	2573
19	4100	403	1498	3564	1290
2	4631	2154
20	3191	1019	4853	3237
21	1881	1886	1191	1365
22	516	3062	3892	2740
23	3072	1214	911	1641	1986	3050
24	4658	3209	4586	2991	4216	1430	2029
25	1037	1262
26	1670	2013	4907	1107	3178	591
27	3584	3834	4078	2225	3376	3049
28	4286	3772	3192	2396	3052
29	4184	1295	4369	2034	857
30	1488	2628	4275	3177	363	4555
31	804	1705	629	3350	123	3052
32	3238	1585	3446	1619	2469	2041	2419	2005
33	4800	2532	4988	1033	918	3981	4690	2878	3554
34	4085	384	370	2694	3447
35	2315	1815	551	4892	4668
36	1279	2124	1194	1707	4651	2004	1040
37	3493	4713	251	273	1046	1118	2548	970	4127
38	4358	1306	2127	2828	3379	2017
39	1698	3607	4293	2819	2403	1050	696
4	2111	2924	4339
40	2618	4429	3880	2039	4636	1768	4071	652	4552
41	3248	1435	1165	282	948
42	275	4891	1600	2164	2279	3786	1757	3873
43	1819	485	707	136	1175	2809	408	3370	3668	4522	354	2162	1325	2958	2868
44	2831	138	3963	222	882	3300	3648
45	2105	4544	4414	4078	2280	3010	893	2828	495
46	3234	3054	4614
47	995	4314	3308	2142	2736	1309	2236	4295	4446
48	3736	2320	3279	2642	1670	675	2094	3473	1634	3208	3657	3817	4864	4501
49	3175	1411	3519	1520	1899	4432	4463	3481
5	1287	3455
50	3849	3886	922	4431	3408	3525	1095	3123	1531	2686	1660
51	4611	3926	2411	1611	2219	591	3476
52	2492	266	3610	4773	4433	1220	4191	1883	2162
53	251	3789	384	1536	673	2295	129	1923
54	4504	4227	3564	2114	4671	2017	1099	1468
55	737	911	3522	1161	2658
56	4926	4978	2305	1865	3178	1351	4593	2334	1871
57	1419	2852	2267	187	2750	3609
58	823	2349	2777	3739	1122	616	3669	4141
59	1716	3279	3602	1013	2107	4357	2500	2810
6	3112	3840
60	1480	4747	3209	2743	749	4736	2804	4805	2666	248	3063
61	3428	1611	3410	4513	2192	4783
62	2359	2675	4910	1211	3139	2860	3117	1031	3288	1202	1278
63	737	2152	1031	4787	1009
64	2521	312	2040	323	309
65	410	1092	2917	779	2646	2400	443	2586	1355
66	1867	4237	4482
67	4002	3751	4529	2559	2071	3859	2900
68	3515	4856	4712	2776	3803
69	3423	4548	1596	466	1859	3570	302	3018	327	1581
70	2628	3788	4625	1961
71	2644	4037	4196	1248	220
72	3906	4337	2079	928
73	1857	3202	4963	3000	2627	2723	3454	1729	1896
74	3253	2136	665	3275
75	611	3678	4029
76	1901	1841	1187	816	4673	3461	4467
77	4928	4221
78	3498	1343
79	3913	4150	750	1212
8	2905	3387	1294
80	3138	226
81	2161	1806	599	2606	721	2828
82	4521	3285	2402
83	3256	3108	2030
84	2212	3242	527
85	2042	2801	3653
86	4800	3498	1432	3153
87	2013	3005
88	2656	1460	1764	1713	1790
89	2801	3674	707
9	1474	531
90	293
91	1413
92	797	987	4878
93	3814	1078
94	2026	4477
95	2865	1490
96	304	479
97	169
98	1175	4532	955
99	1034
